[Info: 2023-04-17 18:39:23.3504574: NetQueue.cpp(186)] NetQueue: Setting up.
[Info: 2023-04-17 18:39:23.3522490: NetQueue.cpp(622)] NetQueue: worker thread started.
[Info: 2023-04-17 18:39:23.3524770: mainWindows.cpp(86)] Running launcher bootstrap (version 1.0.1212)
[Info: 2023-04-17 18:39:23.3790852: NetQueue.cpp(186)] NetQueue: Setting up.
[Info: 2023-04-17 18:39:23.3814087: NetQueue.cpp(622)] NetQueue: worker thread started.
[Info: 2023-04-17 18:39:23.3831017: Common.cpp(32)] Native Launcher Version: 1.0.1212
[Info: 2023-04-17 18:39:23.3831851: Common.cpp(33)] Operating System: Windows 10 Home
[Info: 2023-04-17 18:39:23.3833051: Common.cpp(34)] Application Data directory: C:\...\.minecraft
[Info: 2023-04-17 18:39:23.3836758: Common.cpp(35)] Executable Path: /:\...\MinecraftLauncher.exe
[Info: 2023-04-17 18:39:23.3837482: Common.cpp(36)] App Directory dir: C:\...\Minecraft Launcher
[Info: 2023-04-17 18:39:23.3838105: Common.cpp(37)] Game data directory: C:\...\.minecraft
[Info: 2023-04-17 18:39:23.3838458: Common.cpp(38)] Launcher dir: C:\...\game
[Info: 2023-04-17 18:39:23.3838946: Common.cpp(39)] Java dir: C:\...\jre-x64
[Info: 2023-04-17 18:39:23.3839594: Common.cpp(40)] TmpDir dir: C:\...\MinecraftLauncher
[Info: 2023-04-17 18:39:23.3840140: Common.cpp(41)] x64: true
[Info: 2023-04-17 18:39:23.3840575: LauncherConfiguration.cpp(292)] Using update preferences at path: C:\...\launcher_profiles.json
[Warning: 2023-04-17 18:39:23.3850753: LauncherConfiguration.cpp(113)] Failed to get clientToken from configuration, launcher updater will fall back to using stable versions instead of controlled experiment versions.
[Info: 2023-04-17 18:39:23.3851984: LauncherConfiguration.cpp(295)] Failed to read update preferences from C:\...\launcher_profiles.json
[Info: 2023-04-17 18:39:23.3852703: LauncherConfiguration.cpp(306)] Using update preferences at path: C:\...\launcher_settings.json
[Info: 2023-04-17 18:39:23.3861160: NetQueue.cpp(632)] NetQueue: Starting net action https://launchermeta.mojang.com/v1/products/launcher/d03cf0cf95cce259fa9ea3ab54b65bd28bb0ae82/windows-x86.json
[Info: 2023-04-17 18:39:23.9052592: NetQueue.cpp(472)] NetQueue: Primary ip: 13.107.238.69, Host: launchermeta.mojang.com
[Info: 2023-04-17 18:39:23.9053923: NetQueue.cpp(551)] NetQueue: Action finished: https://launchermeta.mojang.com/v1/products/launcher/d03cf0cf95cce259fa9ea3ab54b65bd28bb0ae82/windows-x86.json
[Info: 2023-04-17 18:39:23.9054630: NetQueue.cpp(579)] NetQueue: Action finalized: https://launchermeta.mojang.com/v1/products/launcher/d03cf0cf95cce259fa9ea3ab54b65bd28bb0ae82/windows-x86.json
[Info: 2023-04-17 18:39:23.9078276: LauncherConfiguration.cpp(198)] Deciding on update with strategy 2 and clientID 442653727
[Info: 2023-04-17 18:39:23.9079306: LauncherConfiguration.cpp(219)] We should change launcher-bootstrap-ado from 1.0.1212 to 1.2.3
[Info: 2023-04-17 18:39:23.9080076: LauncherConfiguration.cpp(238)] launcher-bootstrap-ado update is needed.
[Info: 2023-04-17 18:39:23.9082409: LauncherConfiguration.cpp(261)] Error opening: C:\...\.version, Error message: no such file or directory
[Info: 2023-04-17 18:39:23.9083628: LauncherConfiguration.cpp(198)] Deciding on update with strategy 2 and clientID 442653727
[Info: 2023-04-17 18:39:23.9084296: LauncherConfiguration.cpp(219)] We should change launcher-core-ado from unknown to 2.4.30
[Info: 2023-04-17 18:39:23.9084926: LauncherConfiguration.cpp(238)] launcher-core-ado update is needed.
[Info: 2023-04-17 18:39:23.9086152: main.cpp(111)] Updating bootstrap...
[Info: 2023-04-17 18:39:23.9093900: NetQueue.cpp(632)] NetQueue: Starting net action https://piston-meta.mojang.com/v1/packages/a6a8f4fa803dbf8457466b85f451fbd0abd8e799/manifest.json
[Info: 2023-04-17 18:39:24.2859495: NetQueue.cpp(472)] NetQueue: Primary ip: 13.107.237.69, Host: piston-meta.mojang.com
[Info: 2023-04-17 18:39:24.2860525: NetQueue.cpp(551)] NetQueue: Action finished: https://piston-meta.mojang.com/v1/packages/a6a8f4fa803dbf8457466b85f451fbd0abd8e799/manifest.json
[Info: 2023-04-17 18:39:24.2861216: NetQueue.cpp(579)] NetQueue: Action finalized: https://piston-meta.mojang.com/v1/packages/a6a8f4fa803dbf8457466b85f451fbd0abd8e799/manifest.json
[Info: 2023-04-17 18:39:24.2869587: NetQueue.cpp(632)] NetQueue: Starting net action https://piston-data.mojang.com/v1/objects/079698660fb50f2511923214f84c46a703d18dfb/Minecraft.exe
[Info: 2023-04-17 18:39:26.7487589: NetQueue.cpp(472)] NetQueue: Primary ip: 13.107.238.69, Host: piston-data.mojang.com
[Info: 2023-04-17 18:39:26.7488848: NetQueue.cpp(551)] NetQueue: Action finished: https://piston-data.mojang.com/v1/objects/079698660fb50f2511923214f84c46a703d18dfb/Minecraft.exe
[Info: 2023-04-17 18:39:26.7493403: NetQueue.cpp(579)] NetQueue: Action finalized: https://piston-data.mojang.com/v1/objects/079698660fb50f2511923214f84c46a703d18dfb/Minecraft.exe
[Info: 2023-04-17 18:39:27.0702346: LaunchApplicationWin32.cpp(37)] Started application tools\NativeUpdater.exe MinecraftLauncher.exe MinecraftLauncher.exe.tmp
[Info: 2023-04-17 18:39:27.0703532: NetQueue.cpp(212)] NetQueue: Initiating shutdown.
[Info: 2023-04-17 18:39:27.0704003: NetQueue.cpp(226)] NetQueue: Waiting for worker thread to finish...
[Info: 2023-04-17 18:39:27.0704759: NetQueue.cpp(742)] NetQueue: Worker thread shutting down.
[Info: 2023-04-17 18:39:27.0762680: NetQueue.cpp(229)] NetQueue: Done.
